9557
9211
464
9630
9195
9187
9207
8992
468
9552
10414
9191
8996
83815
9746
9687
9709
16811
2714
10424
9013
492
476
10407
9005
472
12262
9009
10393
9175
488
480
21338
484
21244
9171
9001
9025
581
12257
12243
9029
9883
9862
9935
9929
10299
9899
9888
9755
9878
9797
9867
9857
11802
11817
10377
11787
11792
10367
10385
10208
10223
11797
10372
13031
13036
13025
16857
11715
12425
12321
11011
11182
11380
3823
12442
2216
16223
11043
12767
11320
12736
11468
2220
11392
16242
12708
11597
16802
11285
17387
12239
10781
11403
16218
8565
11299
10986
16026
11339
16185
16765
2212
11657
16770
3838
2180
12275
15680
48239
6718
21098
3833
11682
11062
11934
10776
3040
11944
10796
10971
12964
10802
11413
12451
12786
11213
12803
10768
3808
12402
10841
33306
2236
12267
11172
12822
6654
