464
9191
476
492
9552
2714
9557
9207
83815
9005
9013
10407
9187
468
12262
8992
10393
9630
16811
8996
10414
9709
9746
472
9009
9687
10424
9211
9195
484
480
9175
21338
21244
488
12257
9171
581
9025
9001
12243
9029
9883
9862
9935
9929
9899
10299
9878
9888
9755
9867
9797
9857
11802
11817
10377
11787
11792
10385
10367
10223
10208
11797
10372
13031
13036
16857
13025
12708
12425
16765
12964
16802
11182
16770
12451
12786
11213
2180
3823
12442
15680
12803
10768
48239
16223
6718
11043
12402
12767
12736
16218
11062
11392
11934
11299
12822
16026
33306
11285
10971
21098
16185
10781
3838
11339
10776
3833
11172
16242
11468
11715
11597
11413
12239
12275
11944
10841
2216
2220
10986
3040
11657
3808
11011
8565
17387
6654
12321
12267
10796
2212
11682
10802
11320
2236
11403
11380
